1 0 0 
1 1 50 
1 2 54 
2 0 1 
2 0 113 
2 0 189 
2 0 371 
2 0 394 
2 0 413 
2 0 449 
2 0 698 
2 0 765 
2 0 812 
2 0 1164 
2 0 1304 
2 0 1313 
2 0 1346 
2 0 1373 
2 0 1374 
2 0 1386 
2 0 1640 
2 0 1641 
2 0 1727 
2 0 1738 
2 0 1746 
2 0 1851 
2 0 1942 
2 0 1952 
2 0 1957 
2 0 1971 
2 1 96 
2 1 173 
2 1 404 
2 1 637 
2 1 673 
2 1 769 
2 1 827 
2 1 1019 
2 1 1136 
2 1 1137 
2 1 1385 
2 1 1545 
2 1 1548 
2 1 1680 
2 1 1759 
2 1 1819 
2 1 1894 
2 2 56 
2 2 120 
2 2 297 
2 2 404 
2 2 654 
2 2 738 
2 2 810 
2 2 1217 
2 2 1522 
2 2 1549 
2 2 1753 
2 2 1895 
3 0 93 
3 0 281 
3 0 320 
3 0 415 
3 0 555 
3 0 603 
3 0 681 
3 0 778 
3 0 795 
3 0 883 
3 0 938 
3 0 1128 
3 0 1158 
3 0 1162 
3 0 1224 
3 0 1294 
3 0 1349 
3 0 1350 
3 0 1589 
3 0 1620 
3 0 1697 
3 0 1832 
3 0 1834 
3 0 1852 
3 0 1873 
3 1 118 
3 1 582 
3 1 652 
3 1 661 
3 1 944 
3 1 991 
3 1 1382 
3 1 1437 
3 1 1520 
3 1 1537 
3 1 1539 
3 1 1678 
3 2 2 
3 2 52 
3 2 169 
3 2 212 
3 2 317 
3 2 383 
3 2 537 
3 2 613 
3 2 749 
3 2 813 
3 2 847 
3 2 969 
3 2 1135 
3 2 1390 
3 2 1520 
4 0 3 
4 0 167 
4 0 238 
4 0 442 
4 0 739 
4 0 767 
4 0 802 
4 0 1253 
4 0 1442 
4 0 1635 
4 0 1809 
4 0 1856 
4 0 1869 
4 1 84 
4 1 344 
4 1 463 
4 1 818 
4 1 830 
4 1 965 
4 1 990 
4 1 1031 
4 1 1043 
4 1 1131 
4 1 1263 
4 1 1394 
4 1 1428 
4 1 1551 
4 1 1784 
4 1 1808 
4 1 1859 
4 1 1919 
4 1 1974 
4 2 107 
4 2 201 
4 2 622 
4 2 678 
4 2 744 
4 2 773 
4 2 927 
4 2 1029 
4 2 1235 
4 2 1387 
4 2 1535 
4 2 1778 
4 2 1859 
5 0 4 
5 0 155 
5 0 292 
5 0 299 
5 0 405 
5 0 777 
5 0 806 
5 0 819 
5 0 891 
5 0 946 
5 0 977 
5 0 983 
5 0 1017 
5 0 1018 
5 0 1085 
5 0 1087 
5 0 1272 
5 0 1316 
5 0 1434 
5 0 1452 
5 0 1468 
5 0 1473 
5 0 1528 
5 0 1646 
5 0 1662 
5 0 1826 
5 0 1827 
5 0 1841 
5 0 1914 
5 1 116 
5 1 276 
5 1 544 
5 1 1121 
5 1 1412 
5 1 1447 
5 1 1525 
5 1 1941 
5 1 1969 
5 2 69 
5 2 104 
5 2 132 
5 2 145 
5 2 462 
5 2 526 
5 2 807 
5 2 1034 
5 2 1076 
5 2 1269 
5 2 1435 
5 2 1922 
6 0 5 
6 0 265 
6 0 580 
6 0 715 
6 0 1156 
6 0 1188 
6 0 1327 
6 0 1328 
6 0 1677 
6 0 2005 
6 0 2030 
6 1 137 
6 1 533 
6 1 1427 
6 1 1673 
6 1 2017 
6 2 79 
6 2 214 
6 2 418 
6 2 779 
6 2 842 
6 2 903 
6 2 1215 
6 2 1216 
6 2 1891 
6 2 2028 
7 0 125 
7 0 221 
7 0 231 
7 0 366 
7 0 425 
7 0 939 
7 0 942 
7 0 962 
7 0 967 
7 0 1231 
7 0 1290 
7 0 1361 
7 0 1430 
7 0 1571 
7 0 1623 
7 0 1741 
7 0 1744 
7 0 1751 
7 0 1867 
7 0 1870 
7 0 1890 
7 0 1931 
7 0 1983 
7 1 6 
7 1 185 
7 1 231 
7 1 307 
7 1 331 
7 1 366 
7 1 496 
7 1 630 
7 1 636 
7 1 942 
7 1 962 
7 1 978 
7 1 996 
7 1 1000 
7 1 1037 
7 1 1223 
7 1 1231 
7 1 1290 
7 1 1297 
7 1 1623 
7 1 1741 
7 1 1767 
7 1 1870 
7 1 1907 
7 1 1931 
7 1 1936 
7 1 1973 
7 1 2010 
7 2 247 
7 2 516 
7 2 563 
7 2 621 
7 2 764 
7 2 861 
7 2 863 
7 2 932 
7 2 962 
7 2 978 
7 2 1000 
7 2 1037 
7 2 1222 
7 2 1331 
7 2 1623 
7 2 1676 
7 2 1742 
7 2 1956 
7 2 2012 
8 0 7 
8 0 134 
8 0 364 
8 0 513 
8 0 518 
8 0 714 
8 0 731 
8 0 994 
8 0 1008 
8 0 1054 
8 0 1127 
8 0 1142 
8 0 1186 
8 0 1774 
8 0 1820 
8 1 213 
8 1 710 
8 1 787 
8 1 933 
8 1 984 
8 1 1021 
8 1 1194 
8 1 1209 
8 1 1278 
8 1 1399 
8 1 1552 
8 1 1577 
8 1 1593 
8 1 1672 
8 1 1730 
8 1 1757 
8 1 1779 
8 1 1821 
8 1 1833 
8 1 1912 
8 1 1917 
8 2 55 
8 2 64 
8 2 138 
8 2 298 
8 2 335 
8 2 406 
8 2 554 
8 2 579 
8 2 644 
8 2 762 
8 2 900 
8 2 1195 
8 2 1553 
8 2 1567 
8 2 1568 
8 2 1729 
8 2 1918 
9 0 8 
9 0 352 
9 0 428 
9 0 491 
9 0 775 
9 0 781 
9 0 1172 
9 0 1629 
9 0 1847 
9 1 246 
9 1 380 
9 1 522 
9 1 539 
9 1 723 
9 1 1165 
9 1 1262 
9 1 1265 
9 1 1578 
9 1 1775 
9 2 114 
9 2 182 
9 2 592 
9 2 721 
9 2 875 
9 2 1125 
9 2 1240 
9 2 1262 
9 2 1536 
9 2 1696 
10 0 9 
10 0 2024 
10 1 146 
10 1 808 
10 1 1112 
10 1 1322 
10 1 1607 
10 2 190 
10 2 304 
10 2 711 
10 2 1001 
10 2 1205 
10 2 1339 
10 2 1498 
10 2 1699 
10 2 2009 
10 2 2031 
11 0 10 
11 0 68 
11 0 202 
11 0 205 
11 0 268 
11 0 284 
11 0 337 
11 0 448 
11 0 471 
11 0 503 
11 0 512 
11 0 597 
11 0 629 
11 0 717 
11 0 809 
11 0 815 
11 0 902 
11 0 916 
11 0 943 
11 0 970 
11 0 1042 
11 0 1110 
11 0 1130 
11 0 1179 
11 0 1197 
11 0 1226 
11 0 1248 
11 0 1261 
11 0 1288 
11 0 1306 
11 0 1330 
11 0 1431 
11 0 1458 
11 0 1485 
11 0 1496 
11 0 1597 
11 0 1621 
11 0 1671 
11 0 1718 
11 0 1794 
11 1 58 
11 1 102 
11 1 180 
11 1 237 
11 1 257 
11 1 258 
11 1 321 
11 1 416 
11 1 439 
11 1 471 
11 1 578 
11 1 599 
11 1 619 
11 1 704 
11 1 742 
11 1 804 
11 1 880 
11 1 896 
11 1 919 
11 1 960 
11 1 992 
11 1 1007 
11 1 1032 
11 1 1055 
11 1 1062 
11 1 1129 
11 1 1166 
11 1 1200 
11 1 1211 
11 1 1246 
11 1 1393 
11 1 1487 
11 1 1507 
11 1 1518 
11 1 1591 
11 1 1592 
11 1 1599 
11 1 1748 
11 2 103 
11 2 159 
11 2 181 
11 2 198 
11 2 266 
11 2 267 
11 2 363 
11 2 373 
11 2 374 
11 2 375 
11 2 412 
11 2 501 
11 2 502 
11 2 515 
11 2 577 
11 2 659 
11 2 674 
11 2 1068 
11 2 1178 
11 2 1280 
11 2 1300 
11 2 1453 
11 2 1466 
11 2 1501 
11 2 1519 
11 2 1524 
11 2 1624 
11 2 1650 
11 2 1659 
12 0 177 
12 0 645 
12 0 693 
12 0 1381 
12 0 1404 
12 0 1488 
12 0 1734 
12 1 142 
12 1 444 
12 1 485 
12 1 645 
12 1 680 
12 1 997 
12 1 1150 
12 1 1460 
12 1 1474 
12 1 1734 
12 2 11 
12 2 252 
12 2 367 
12 2 540 
12 2 702 
12 2 851 
12 2 1046 
12 2 1403 
12 2 1406 
12 2 1526 
12 2 1723 
12 2 1817 
13 0 12 
13 0 152 
13 0 421 
13 0 736 
13 0 870 
13 0 906 
13 0 1229 
13 0 1409 
13 0 1527 
13 0 1802 
13 1 124 
13 1 211 
13 1 510 
13 1 567 
13 1 1047 
13 1 1064 
13 1 1858 
13 1 1885 
13 1 2021 
13 2 263 
13 2 494 
13 2 707 
13 2 1066 
13 2 1251 
13 2 1359 
13 2 1497 
13 2 1722 
13 2 2016 
13 2 2018 
13 2 2020 
14 0 164 
14 0 457 
14 0 1483 
14 0 1588 
14 0 1724 
14 0 1758 
14 0 1806 
14 1 13 
14 1 588 
14 1 665 
14 1 956 
14 1 1305 
14 1 1636 
14 1 1865 
14 2 236 
14 2 685 
14 2 732 
14 2 989 
14 2 1281 
14 2 1648 
14 2 1938 
14 2 1995 
15 0 14 
15 0 95 
15 0 135 
15 0 368 
15 0 432 
15 0 493 
15 0 642 
15 0 776 
15 0 838 
15 0 882 
15 0 968 
15 0 1022 
15 0 1333 
15 0 1410 
15 0 1465 
15 0 1469 
15 0 1747 
15 0 1789 
15 0 1831 
15 0 1842 
15 0 1864 
15 0 1911 
15 0 1925 
15 0 1951 
15 0 1967 
15 0 1978 
15 0 1986 
15 0 2001 
15 1 65 
15 1 220 
15 1 451 
15 1 478 
15 1 879 
15 1 947 
15 1 1284 
15 1 1301 
15 1 1465 
15 1 1573 
15 1 1582 
15 1 1642 
15 1 1862 
15 1 1946 
15 1 1961 
15 1 1964 
15 1 2004 
15 2 117 
15 2 188 
15 2 196 
15 2 359 
15 2 420 
15 2 478 
15 2 488 
15 2 565 
15 2 910 
15 2 981 
15 2 1161 
15 2 1862 
15 2 1990 
15 2 1999 
16 0 452 
16 0 1249 
16 0 1323 
16 0 1351 
16 0 1420 
16 0 1421 
16 0 1422 
16 0 1583 
16 1 119 
16 1 285 
16 1 772 
16 1 1421 
16 1 1687 
16 1 1839 
16 1 1886 
16 2 15 
16 2 141 
16 2 249 
16 2 782 
16 2 885 
16 2 1421 
16 2 1516 
16 2 1529 
16 2 1557 
17 0 16 
17 0 534 
17 0 934 
17 0 1252 
17 0 1800 
17 1 1302 
17 1 1475 
17 1 1543 
17 1 1924 
17 2 227 
17 2 325 
17 2 422 
17 2 913 
18 0 17 
18 0 305 
18 0 811 
18 0 1006 
18 0 1509 
18 0 1692 
18 0 1693 
18 0 2025 
18 1 17 
18 1 310 
18 1 866 
18 1 1509 
18 1 1605 
18 1 1750 
18 1 2014 
18 1 2025 
18 2 17 
18 2 556 
18 2 974 
18 2 1509 
18 2 1605 
18 2 1750 
18 2 2025 
19 0 18 
19 0 105 
19 0 275 
19 0 318 
19 0 435 
19 0 440 
19 0 508 
19 0 528 
19 0 572 
19 0 687 
19 0 737 
19 0 751 
19 0 757 
19 0 867 
19 0 1097 
19 0 1118 
19 0 1177 
19 0 1210 
19 0 1212 
19 0 1214 
19 0 1258 
19 0 1271 
19 0 1354 
19 0 1355 
19 0 1356 
19 0 1411 
19 0 1484 
19 0 1513 
19 0 1555 
19 0 1626 
19 0 1639 
19 0 1728 
19 0 1733 
19 0 1836 
19 0 1850 
19 0 1855 
19 0 1866 
19 0 1882 
19 0 1900 
19 0 1923 
19 0 1927 
19 1 53 
19 1 72 
19 1 133 
19 1 216 
19 1 235 
19 1 417 
19 1 542 
19 1 631 
19 1 676 
19 1 745 
19 1 894 
19 1 1103 
19 1 1118 
19 1 1282 
19 1 1411 
19 1 1413 
19 1 1556 
19 1 1791 
19 1 1793 
19 1 1807 
19 1 1823 
19 1 1850 
19 1 1853 
19 2 112 
19 2 232 
19 2 436 
19 2 437 
19 2 473 
19 2 507 
19 2 530 
19 2 564 
19 2 595 
19 2 605 
19 2 677 
19 2 716 
19 2 791 
19 2 928 
19 2 985 
19 2 993 
19 2 1033 
19 2 1176 
19 2 1366 
19 2 1424 
19 2 1463 
19 2 1736 
19 2 1909 
20 0 85 
20 0 156 
20 0 358 
20 0 467 
20 0 468 
20 0 574 
20 0 694 
20 0 785 
20 0 972 
20 0 1056 
20 0 1190 
20 0 1241 
20 0 1363 
20 0 1594 
20 0 1656 
20 0 1782 
20 0 1790 
20 0 1825 
20 0 1861 
20 0 1871 
20 0 1913 
20 0 1928 
20 0 1954 
20 0 1992 
20 1 57 
20 1 165 
20 1 377 
20 1 381 
20 1 671 
20 1 798 
20 1 1116 
20 1 1250 
20 1 1368 
20 1 1600 
20 1 1760 
20 1 1787 
20 1 1788 
20 2 19 
20 2 128 
20 2 277 
20 2 294 
20 2 475 
20 2 713 
20 2 921 
20 2 940 
20 2 951 
20 2 1060 
20 2 1141 
20 2 1396 
20 2 1560 
20 2 1837 
20 2 1887 
20 2 1982 
20 2 1993 
21 0 20 
21 0 312 
21 0 357 
21 0 369 
21 0 431 
21 0 455 
21 0 589 
21 0 669 
21 0 1020 
21 0 1237 
21 0 1266 
21 0 1457 
21 0 1546 
21 1 168 
21 1 309 
21 1 560 
21 1 688 
21 1 708 
21 1 800 
21 1 1295 
21 1 1502 
21 1 1564 
21 2 66 
21 2 129 
21 2 251 
21 2 560 
21 2 634 
21 2 758 
21 2 907 
21 2 1012 
21 2 1045 
21 2 1108 
21 2 1119 
22 0 21 
22 0 511 
22 0 986 
22 0 1804 
22 1 350 
22 1 551 
22 1 887 
22 1 1027 
22 1 1531 
22 1 1735 
22 2 162 
22 2 291 
22 2 459 
22 2 895 
22 2 930 
22 2 1242 
22 2 1397 
22 2 1872 
23 0 22 
23 0 149 
23 0 239 
23 0 398 
23 0 632 
23 0 845 
23 0 1038 
23 0 1079 
23 0 1448 
23 0 1464 
23 0 1467 
23 0 1495 
23 0 1572 
23 0 1685 
23 0 1743 
23 0 1877 
23 0 1943 
23 0 1994 
23 1 186 
23 1 323 
23 1 668 
23 1 712 
23 1 801 
23 1 872 
23 1 1044 
23 1 1101 
23 1 1815 
23 1 1849 
23 2 456 
23 2 465 
23 2 664 
23 2 797 
23 2 1026 
23 2 1168 
23 2 1175 
23 2 1464 
23 2 1749 
23 2 1822 
23 2 1893 
24 0 23 
24 0 136 
24 0 332 
24 0 520 
24 0 591 
24 0 660 
24 0 750 
24 0 850 
24 0 988 
24 0 1104 
24 0 1232 
24 0 1286 
24 0 1287 
24 0 1303 
24 0 1347 
24 0 1590 
24 0 1664 
24 0 1683 
24 0 1721 
24 0 1976 
24 0 1989 
24 0 1998 
24 0 2008 
24 1 63 
24 1 80 
24 1 174 
24 1 222 
24 1 244 
24 1 520 
24 1 814 
24 1 831 
24 1 852 
24 1 898 
24 1 953 
24 1 1155 
24 1 1228 
24 1 1232 
24 1 1254 
24 1 1257 
24 1 1489 
24 1 1579 
24 1 1679 
24 1 1710 
24 1 1755 
24 1 1798 
24 1 1811 
24 1 1896 
24 1 1908 
24 1 1933 
24 1 1934 
24 1 1958 
24 2 109 
24 2 187 
24 2 197 
24 2 393 
24 2 476 
24 2 489 
24 2 573 
24 2 618 
24 2 623 
24 2 658 
24 2 684 
24 2 1084 
24 2 1139 
24 2 1148 
24 2 1228 
24 2 1256 
24 2 2011 
25 0 24 
25 0 91 
25 0 115 
25 0 271 
25 0 283 
25 0 345 
25 0 505 
25 0 598 
25 0 612 
25 0 616 
25 0 720 
25 0 901 
25 0 963 
25 0 1013 
25 0 1072 
25 0 1184 
25 0 1227 
25 0 1276 
25 0 1343 
25 0 1441 
25 0 1514 
25 0 1547 
25 0 1585 
25 0 1709 
25 0 1771 
25 0 1805 
25 0 1848 
25 0 1868 
25 0 1939 
25 0 1979 
25 0 1988 
25 0 1991 
25 0 1996 
25 0 2000 
25 0 2013 
25 0 2015 
25 0 2022 
25 1 88 
25 1 378 
25 1 400 
25 1 506 
25 1 600 
25 1 924 
25 1 931 
25 1 1035 
25 1 1100 
25 1 1111 
25 1 1149 
25 1 1270 
25 1 1389 
25 1 1441 
25 1 1510 
25 1 1515 
25 1 1574 
25 1 1595 
25 1 1628 
25 1 1780 
25 1 1932 
25 1 1977 
25 1 1981 
25 1 1987 
25 1 2002 
25 1 2007 
25 1 2013 
25 1 2019 
25 1 2027 
25 2 130 
25 2 226 
25 2 256 
25 2 379 
25 2 390 
25 2 443 
25 2 454 
25 2 543 
25 2 590 
25 2 748 
25 2 914 
25 2 1069 
25 2 1138 
25 2 1317 
25 2 1439 
25 2 1615 
25 2 1670 
25 2 1674 
25 2 1795 
25 2 1854 
25 2 2013 
26 0 25 
26 0 98 
26 0 206 
26 0 308 
26 0 315 
26 0 441 
26 0 641 
26 0 643 
26 0 649 
26 0 686 
26 0 725 
26 0 841 
26 0 844 
26 0 849 
26 0 865 
26 0 995 
26 0 1134 
26 0 1207 
26 0 1234 
26 0 1273 
26 0 1274 
26 0 1296 
26 0 1307 
26 0 1318 
26 0 1334 
26 0 1353 
26 0 1429 
26 0 1456 
26 0 1459 
26 0 1506 
26 0 1596 
26 0 1634 
26 0 1713 
26 0 1731 
26 0 1785 
26 0 1845 
26 0 1846 
26 0 1857 
26 1 51 
26 1 70 
26 1 234 
26 1 490 
26 1 587 
26 1 609 
26 1 627 
26 1 656 
26 1 690 
26 1 753 
26 1 790 
26 1 793 
26 1 864 
26 1 1086 
26 1 1169 
26 1 1196 
26 1 1307 
26 1 1332 
26 1 1376 
26 1 1443 
26 1 1712 
26 1 1745 
26 1 1763 
26 1 1878 
26 1 1950 
26 2 108 
26 2 131 
26 2 194 
26 2 228 
26 2 264 
26 2 324 
26 2 341 
26 2 391 
26 2 460 
26 2 531 
26 2 553 
26 2 730 
26 2 754 
26 2 877 
26 2 918 
26 2 1140 
26 2 1307 
26 2 1379 
26 2 1440 
26 2 1540 
26 2 1732 
26 2 1763 
26 2 1816 
26 2 1892 
26 2 1947 
27 0 26 
27 0 835 
27 0 1432 
27 0 1446 
27 1 215 
27 1 389 
27 1 908 
27 1 1618 
27 1 1698 
27 2 150 
27 2 253 
27 2 527 
27 2 1099 
27 2 1185 
27 2 1314 
27 2 1329 
27 2 1433 
28 0 27 
28 0 313 
28 0 401 
28 0 498 
28 0 606 
28 0 857 
28 0 915 
28 0 1081 
28 0 1133 
28 0 1183 
28 0 1341 
28 0 1500 
28 1 89 
28 1 322 
28 1 399 
28 1 408 
28 1 427 
28 1 433 
28 1 607 
28 1 700 
28 1 936 
28 1 1023 
28 1 1063 
28 1 1074 
28 1 1167 
28 1 1450 
28 2 161 
28 2 166 
28 2 280 
28 2 326 
28 2 346 
28 2 347 
28 2 384 
28 2 532 
28 2 701 
28 2 706 
28 2 756 
28 2 837 
28 2 839 
28 2 859 
28 2 922 
28 2 1016 
28 2 1090 
28 2 1338 
28 2 1450 
29 0 28 
29 0 62 
29 0 77 
29 0 248 
29 0 287 
29 0 288 
29 0 372 
29 0 414 
29 0 480 
29 0 610 
29 0 615 
29 0 786 
29 0 796 
29 0 929 
29 0 966 
29 0 1095 
29 0 1146 
29 0 1180 
29 0 1218 
29 0 1292 
29 0 1364 
29 0 1476 
29 0 1477 
29 0 1562 
29 0 1675 
29 0 1706 
29 0 1719 
29 1 83 
29 1 328 
29 1 362 
29 1 655 
29 1 873 
29 1 884 
29 1 911 
29 1 1059 
29 1 1321 
29 1 1340 
29 1 1388 
29 1 1398 
29 1 1451 
29 1 1479 
29 1 1480 
29 1 1481 
29 1 1499 
29 1 1558 
29 1 1647 
29 1 1665 
29 1 1675 
29 2 76 
29 2 176 
29 2 179 
29 2 207 
29 2 314 
29 2 360 
29 2 388 
29 2 596 
29 2 602 
29 2 638 
29 2 691 
29 2 718 
29 2 855 
29 2 941 
29 2 957 
29 2 959 
29 2 973 
29 2 1048 
29 2 1052 
29 2 1094 
29 2 1239 
29 2 1289 
29 2 1321 
29 2 1345 
29 2 1417 
29 2 1702 
30 0 29 
30 0 78 
30 0 90 
30 0 396 
30 0 424 
30 0 426 
30 0 482 
30 0 538 
30 0 546 
30 0 724 
30 0 848 
30 0 853 
30 0 1011 
30 0 1204 
30 0 1342 
30 0 1352 
30 0 1423 
30 0 1603 
30 0 1608 
30 0 1653 
30 0 1770 
30 0 1955 
30 1 106 
30 1 163 
30 1 558 
30 1 682 
30 1 733 
30 1 1010 
30 1 1157 
30 1 1198 
30 1 1221 
30 1 1245 
30 1 1259 
30 1 1395 
30 1 1405 
30 1 1415 
30 1 1631 
30 1 1766 
30 2 121 
30 2 224 
30 2 250 
30 2 270 
30 2 429 
30 2 517 
30 2 585 
30 2 639 
30 2 682 
30 2 683 
30 2 912 
30 2 1145 
30 2 1154 
30 2 1203 
30 2 1220 
30 2 1508 
30 2 1530 
30 2 1705 
30 2 1945 
31 0 30 
31 0 94 
31 0 338 
31 0 395 
31 0 497 
31 0 529 
31 0 709 
31 0 789 
31 0 826 
31 0 854 
31 0 952 
31 0 979 
31 0 1014 
31 0 1025 
31 0 1091 
31 0 1096 
31 0 1337 
31 0 1416 
31 0 1419 
31 0 1637 
31 0 1768 
31 0 1810 
31 0 1902 
31 0 1948 
31 0 1959 
31 0 1975 
31 1 99 
31 1 183 
31 1 184 
31 1 387 
31 1 423 
31 1 461 
31 1 570 
31 1 755 
31 1 822 
31 1 840 
31 1 948 
31 1 1160 
31 1 1174 
31 1 1247 
31 1 1279 
31 1 1392 
31 1 1504 
31 1 1645 
31 1 1714 
31 1 1786 
31 1 1814 
31 1 1972 
31 1 1984 
31 2 60 
31 2 126 
31 2 175 
31 2 217 
31 2 272 
31 2 386 
31 2 447 
31 2 566 
31 2 581 
31 2 628 
31 2 662 
31 2 892 
31 2 917 
31 2 964 
31 2 1024 
31 2 1114 
31 2 1160 
31 2 1279 
31 2 1358 
31 2 1472 
31 2 1669 
31 2 1689 
31 2 1949 
31 2 1984 
32 0 31 
32 0 289 
32 0 666 
32 0 1123 
32 0 1797 
32 1 474 
32 1 729 
32 1 1071 
32 1 1512 
32 1 1602 
32 1 1921 
32 1 1962 
32 1 1970 
32 2 144 
32 2 230 
32 2 356 
32 2 862 
32 2 1070 
32 2 1073 
32 2 1414 
32 2 1584 
32 2 1962 
32 2 1968 
32 2 1980 
33 0 67 
33 0 192 
33 0 402 
33 0 549 
33 0 763 
33 0 820 
33 0 958 
33 0 1002 
33 0 1193 
33 0 1308 
33 0 1344 
33 0 1482 
33 0 1492 
33 0 1663 
33 0 1681 
33 0 1684 
33 0 1720 
33 0 1756 
33 0 1765 
33 0 1901 
33 0 1910 
33 0 1929 
33 0 1930 
33 1 171 
33 1 254 
33 1 340 
33 1 535 
33 1 568 
33 1 874 
33 1 955 
33 1 1153 
33 1 1163 
33 1 1192 
33 1 1310 
33 1 1470 
33 1 1606 
33 1 1711 
33 2 32 
33 2 110 
33 2 245 
33 2 340 
33 2 486 
33 2 689 
33 2 705 
33 2 768 
33 2 904 
33 2 971 
33 2 1219 
33 2 1324 
33 2 1517 
33 2 1840 
34 0 33 
34 0 780 
34 0 1199 
34 0 1616 
34 0 1777 
34 0 1883 
34 0 2003 
34 1 195 
34 1 1126 
34 1 2023 
34 2 139 
34 2 646 
34 2 1089 
34 2 1503 
34 2 1937 
34 2 2029 
35 0 34 
35 0 450 
35 0 651 
35 0 1380 
35 0 1704 
35 0 1881 
35 1 74 
35 1 343 
35 1 593 
35 1 667 
35 1 881 
35 1 926 
35 1 1067 
35 1 1115 
35 1 1159 
35 1 1587 
35 1 1716 
35 1 1764 
35 2 151 
35 2 273 
35 2 342 
35 2 430 
35 2 504 
35 2 667 
35 2 784 
35 2 899 
35 2 905 
35 2 937 
35 2 999 
35 2 1309 
35 2 1348 
35 2 1561 
35 2 1617 
35 2 1625 
36 0 35 
36 0 59 
36 0 262 
36 0 290 
36 0 306 
36 0 327 
36 0 336 
36 0 458 
36 0 477 
36 0 483 
36 0 547 
36 0 719 
36 0 761 
36 0 833 
36 0 1039 
36 0 1049 
36 0 1050 
36 0 1082 
36 0 1120 
36 0 1255 
36 0 1365 
36 0 1471 
36 0 1521 
36 0 1612 
36 0 1762 
36 0 1835 
36 0 1897 
36 0 1965 
36 0 1966 
36 1 82 
36 1 140 
36 1 204 
36 1 316 
36 1 472 
36 1 648 
36 1 672 
36 1 697 
36 1 816 
36 1 858 
36 1 1040 
36 1 1065 
36 1 1080 
36 1 1093 
36 1 1122 
36 1 1143 
36 1 1144 
36 1 1173 
36 1 1181 
36 1 1370 
36 1 1604 
36 1 1668 
36 1 1828 
36 1 1874 
36 1 1879 
36 1 1904 
36 1 1916 
36 1 1944 
36 1 1985 
36 2 71 
36 2 140 
36 2 160 
36 2 193 
36 2 316 
36 2 329 
36 2 355 
36 2 382 
36 2 548 
36 2 601 
36 2 620 
36 2 766 
36 2 858 
36 2 886 
36 2 890 
36 2 949 
36 2 1041 
36 2 1053 
36 2 1236 
36 2 1360 
36 2 1408 
36 2 1668 
36 2 1761 
36 2 1829 
36 2 1876 
36 2 1906 
36 2 1953 
37 0 36 
37 0 73 
37 0 233 
37 0 241 
37 0 282 
37 0 301 
37 0 495 
37 0 633 
37 0 647 
37 0 653 
37 0 675 
37 0 703 
37 0 876 
37 0 1299 
37 0 1384 
37 0 1391 
37 0 1538 
37 0 1565 
37 0 1575 
37 0 1611 
37 0 1627 
37 0 1654 
37 0 1655 
37 0 1688 
37 1 49 
37 1 143 
37 1 261 
37 1 466 
37 1 519 
37 1 741 
37 1 824 
37 1 893 
37 1 1036 
37 1 1202 
37 1 1260 
37 1 1277 
37 1 1372 
37 1 1462 
37 1 1614 
37 1 1649 
37 1 1667 
37 1 1682 
37 1 1700 
37 1 1707 
37 1 1715 
37 1 1737 
37 2 48 
37 2 111 
37 2 172 
37 2 286 
37 2 319 
37 2 376 
37 2 403 
37 2 453 
37 2 640 
37 2 823 
37 2 925 
37 2 1028 
37 2 1182 
37 2 1264 
37 2 1293 
37 2 1438 
37 2 1449 
37 2 1490 
37 2 1532 
37 2 1613 
38 0 37 
38 0 279 
38 0 536 
38 0 834 
38 0 975 
38 0 976 
38 0 1445 
38 1 81 
38 1 869 
38 1 1151 
38 1 1701 
38 1 1880 
38 1 1997 
38 2 86 
38 2 240 
38 2 523 
38 2 728 
38 2 868 
38 2 982 
38 2 1107 
38 2 1151 
38 2 1425 
38 2 1426 
38 2 1666 
39 0 38 
39 0 296 
39 0 487 
39 0 774 
39 0 799 
39 0 1102 
39 0 1291 
39 0 1315 
39 1 97 
39 1 170 
39 1 365 
39 1 594 
39 1 657 
39 1 727 
39 1 1075 
39 1 1124 
39 1 1534 
39 1 1725 
39 1 1726 
39 1 1799 
39 2 148 
39 2 242 
39 2 295 
39 2 351 
39 2 392 
39 2 521 
39 2 583 
39 2 663 
39 2 699 
39 2 920 
39 2 923 
39 2 945 
39 2 1586 
39 2 1754 
39 2 1799 
40 0 39 
40 0 626 
40 0 1369 
40 0 1494 
40 0 1643 
40 0 1644 
40 0 1915 
40 1 269 
40 1 1106 
40 1 1285 
40 1 1844 
40 2 225 
40 2 484 
40 2 514 
40 2 1187 
40 2 1243 
40 2 1703 
40 2 1963 
41 0 40 
41 0 617 
41 0 1015 
41 0 1533 
41 0 1772 
41 0 1818 
41 0 2006 
41 1 243 
41 1 446 
41 1 1208 
41 1 1225 
41 1 1569 
41 1 1818 
41 2 446 
41 2 614 
41 2 1208 
41 2 1225 
41 2 1559 
41 2 1818 
42 0 41 
42 0 178 
42 0 300 
42 0 469 
42 0 561 
42 0 747 
42 0 846 
42 0 888 
42 0 889 
42 0 1238 
42 0 1335 
42 0 1383 
42 0 1400 
42 0 1401 
42 0 1454 
42 0 1563 
42 0 1576 
42 0 1708 
42 0 1752 
42 0 1801 
42 0 1875 
42 0 1898 
42 0 1899 
42 1 92 
42 1 122 
42 1 576 
42 1 584 
42 1 650 
42 1 897 
42 1 935 
42 1 1312 
42 1 1550 
42 1 1888 
42 1 1889 
42 1 1899 
42 1 1920 
42 2 208 
42 2 303 
42 2 353 
42 2 409 
42 2 470 
42 2 734 
42 2 743 
42 2 829 
42 2 987 
42 2 1003 
42 2 1083 
42 2 1113 
42 2 1283 
42 2 1311 
42 2 1312 
42 2 1335 
42 2 1402 
42 2 1454 
42 2 1455 
43 0 42 
43 0 278 
43 0 370 
43 0 752 
43 0 792 
43 0 825 
43 0 1147 
43 0 1201 
43 0 1486 
43 0 1491 
43 0 1541 
43 1 158 
43 1 199 
43 1 525 
43 1 559 
43 1 611 
43 1 843 
43 1 1057 
43 1 1058 
43 1 1088 
43 1 1542 
43 1 1690 
43 1 1863 
43 2 158 
43 2 200 
43 2 550 
43 2 559 
43 2 670 
43 2 696 
43 2 788 
43 2 832 
43 2 836 
43 2 1132 
43 2 1189 
43 2 1275 
43 2 1298 
43 2 1601 
43 2 1773 
43 2 1940 
44 0 43 
44 0 100 
44 0 154 
44 0 330 
44 0 348 
44 0 385 
44 0 410 
44 0 541 
44 0 571 
44 0 635 
44 0 726 
44 0 783 
44 0 817 
44 0 828 
44 0 1105 
44 0 1171 
44 0 1357 
44 0 1377 
44 0 1418 
44 0 1554 
44 0 1638 
44 0 1651 
44 0 1652 
44 0 1740 
44 0 1769 
44 0 1905 
44 1 191 
44 1 219 
44 1 333 
44 1 334 
44 1 411 
44 1 434 
44 1 445 
44 1 557 
44 1 604 
44 1 760 
44 1 770 
44 1 980 
44 1 1051 
44 1 1213 
44 1 1371 
44 1 1378 
44 1 1523 
44 1 1544 
44 1 1570 
44 1 1610 
44 1 1633 
44 1 1651 
44 1 1781 
44 1 1813 
44 1 1926 
44 1 1935 
44 2 101 
44 2 218 
44 2 223 
44 2 274 
44 2 479 
44 2 575 
44 2 604 
44 2 692 
44 2 722 
44 2 735 
44 2 746 
44 2 860 
44 2 878 
44 2 950 
44 2 954 
44 2 1206 
44 2 1326 
44 2 1367 
44 2 1493 
44 2 1566 
44 2 1658 
44 2 1717 
44 2 1824 
44 2 1903 
44 2 1926 
45 0 44 
45 0 75 
45 0 203 
45 0 481 
45 0 524 
45 0 625 
45 0 759 
45 0 1098 
45 0 1244 
45 0 1630 
45 0 1657 
45 0 1812 
45 1 123 
45 1 293 
45 1 311 
45 1 624 
45 1 1030 
45 1 1233 
45 1 1268 
45 1 1319 
45 1 1320 
45 1 1619 
45 1 1622 
45 1 1686 
45 1 1803 
45 1 1830 
45 2 153 
45 2 209 
45 2 349 
45 2 438 
45 2 492 
45 2 794 
45 2 803 
45 2 805 
45 2 856 
45 2 871 
45 2 1009 
45 2 1267 
45 2 1336 
45 2 1691 
45 2 1792 
46 0 45 
46 0 210 
46 0 464 
46 0 608 
46 0 1077 
46 0 1078 
46 0 1375 
46 0 1407 
46 0 1444 
46 0 1838 
46 1 147 
46 1 259 
46 1 509 
46 1 562 
46 1 1170 
46 1 1375 
46 1 1444 
46 1 1632 
46 1 1783 
46 2 407 
46 2 586 
46 2 771 
46 2 1191 
46 2 1362 
46 2 1511 
46 2 1884 
46 2 1960 
47 0 46 
47 0 127 
47 0 157 
47 0 255 
47 0 339 
47 0 499 
47 0 552 
47 0 569 
47 0 821 
47 0 1092 
47 0 1109 
47 0 1505 
47 0 1598 
47 0 1609 
47 0 1660 
47 0 1694 
47 0 1695 
47 1 61 
47 1 229 
47 1 545 
47 1 909 
47 1 1061 
47 1 1117 
47 1 1152 
47 1 1325 
47 1 1436 
47 1 1478 
47 1 1661 
47 1 1739 
47 1 1796 
47 1 1843 
47 2 87 
47 2 260 
47 2 302 
47 2 354 
47 2 361 
47 2 397 
47 2 500 
47 2 695 
47 2 740 
47 2 961 
47 2 998 
47 2 1004 
47 2 1005 
47 2 1230 
47 2 1580 
47 2 1581 
47 2 1776 
47 2 1843 
47 2 1860 
48 0 47 
48 0 2026 
48 1 419 
48 2 679 
48 2 1461 
